0.254410 0.120816 0.021277 0.114136 0.021277 0.021277 0.021277 0.021277 0.021277 0.021277 0.021277 0.021277 0.021277 0.021277 0.021277 0.021277 0.021277 0.021277 0.021277 0.021277 0.021277 0.021277 0.021277 0.021277 0.021277 0.021277 0.021277 
0.118333 0.125000 0.125000 0.021739 0.131667 0.021739 0.021739 0.021739 0.021739 0.021739 0.021739 0.021739 0.021739 0.021739 0.021739 0.021739 0.021739 0.021739 0.021739 0.021739 0.021739 0.021739 0.021739 0.021739 0.021739 0.021739 0.021739 
0.021277 0.123100 0.251773 0.021277 0.021277 0.114488 0.021277 0.021277 0.021277 0.021277 0.021277 0.021277 0.021277 0.021277 0.021277 0.021277 0.021277 0.021277 0.021277 0.021277 0.021277 0.021277 0.021277 0.021277 0.021277 0.021277 0.021277 
0.123882 0.021739 0.021739 0.126565 0.129249 0.021739 0.120304 0.021739 0.021739 0.021739 0.021739 0.021739 0.021739 0.021739 0.021739 0.021739 0.021739 0.021739 0.021739 0.021739 0.021739 0.021739 0.021739 0.021739 0.021739 0.021739 0.021739 
0.021739 0.138889 0.021739 0.120040 0.021739 0.116567 0.021739 0.124504 0.021739 0.021739 0.021739 0.021739 0.021739 0.021739 0.021739 0.021739 0.021739 0.021739 0.021739 0.021739 0.021739 0.021739 0.021739 0.021739 0.021739 0.021739 0.021739 
0.021739 0.021739 0.121879 0.021739 0.132580 0.120095 0.021739 0.021739 0.125446 0.021739 0.021739 0.021739 0.021739 0.021739 0.021739 0.021739 0.021739 0.021739 0.021739 0.021739 0.021739 0.021739 0.021739 0.021739 0.021739 0.021739 0.021739 
0.021277 0.021277 0.021277 0.118696 0.021277 0.021277 0.261340 0.109325 0.021277 0.021277 0.021277 0.021277 0.021277 0.021277 0.021277 0.021277 0.021277 0.021277 0.021277 0.021277 0.021277 0.021277 0.021277 0.021277 0.021277 0.021277 0.021277 
0.021739 0.021739 0.021739 0.021739 0.124544 0.021739 0.122114 0.128190 0.125152 0.021739 0.021739 0.021739 0.021739 0.021739 0.021739 0.021739 0.021739 0.021739 0.021739 0.021739 0.021739 0.021739 0.021739 0.021739 0.021739 0.021739 0.021739 
0.021277 0.021277 0.021277 0.021277 0.021277 0.131727 0.021277 0.117727 0.239908 0.021277 0.021277 0.021277 0.021277 0.021277 0.021277 0.021277 0.021277 0.021277 0.021277 0.021277 0.021277 0.021277 0.021277 0.021277 0.021277 0.021277 0.021277 
0.021277 0.021277 0.021277 0.021277 0.021277 0.021277 0.021277 0.021277 0.021277 0.254410 0.120816 0.021277 0.114136 0.021277 0.021277 0.021277 0.021277 0.021277 0.021277 0.021277 0.021277 0.021277 0.021277 0.021277 0.021277 0.021277 0.021277 
0.021739 0.021739 0.021739 0.021739 0.021739 0.021739 0.021739 0.021739 0.021739 0.118333 0.125000 0.125000 0.021739 0.131667 0.021739 0.021739 0.021739 0.021739 0.021739 0.021739 0.021739 0.021739 0.021739 0.021739 0.021739 0.021739 0.021739 
0.021277 0.021277 0.021277 0.021277 0.021277 0.021277 0.021277 0.021277 0.021277 0.021277 0.123100 0.251773 0.021277 0.021277 0.114488 0.021277 0.021277 0.021277 0.021277 0.021277 0.021277 0.021277 0.021277 0.021277 0.021277 0.021277 0.021277 
0.021739 0.021739 0.021739 0.021739 0.021739 0.021739 0.021739 0.021739 0.021739 0.123882 0.021739 0.021739 0.126565 0.129249 0.021739 0.120304 0.021739 0.021739 0.021739 0.021739 0.021739 0.021739 0.021739 0.021739 0.021739 0.021739 0.021739 
0.021739 0.021739 0.021739 0.021739 0.021739 0.021739 0.021739 0.021739 0.021739 0.021739 0.138889 0.021739 0.120040 0.021739 0.116567 0.021739 0.124504 0.021739 0.021739 0.021739 0.021739 0.021739 0.021739 0.021739 0.021739 0.021739 0.021739 
0.019324 0.019324 0.019324 0.019324 0.019324 0.019324 0.019324 0.019324 0.019324 0.019324 0.019324 0.108337 0.019324 0.117849 0.106751 0.019324 0.019324 0.111507 0.019324 0.019324 0.019324 0.019324 0.019324 0.019324 0.019324 0.019324 0.019324 
0.021277 0.021277 0.021277 0.021277 0.021277 0.021277 0.021277 0.021277 0.021277 0.021277 0.021277 0.021277 0.118696 0.021277 0.021277 0.261340 0.109325 0.021277 0.021277 0.021277 0.021277 0.021277 0.021277 0.021277 0.021277 0.021277 0.021277 
0.019324 0.019324 0.019324 0.019324 0.019324 0.019324 0.019324 0.019324 0.019324 0.019324 0.019324 0.019324 0.019324 0.110706 0.019324 0.108546 0.113946 0.111246 0.019324 0.019324 0.019324 0.019324 0.019324 0.019324 0.019324 0.019324 0.019324 
0.018957 0.018957 0.018957 0.018957 0.018957 0.018957 0.018957 0.018957 0.018957 0.018957 0.018957 0.018957 0.018957 0.018957 0.117368 0.018957 0.104894 0.213757 0.018957 0.018957 0.018957 0.018957 0.018957 0.018957 0.018957 0.018957 0.018957 
0.018957 0.018957 0.018957 0.018957 0.018957 0.018957 0.018957 0.018957 0.018957 0.018957 0.018957 0.018957 0.018957 0.018957 0.018957 0.018957 0.018957 0.018957 0.226678 0.107646 0.018957 0.101695 0.018957 0.018957 0.018957 0.018957 0.018957 
0.021739 0.021739 0.021739 0.021739 0.021739 0.021739 0.021739 0.021739 0.021739 0.021739 0.021739 0.021739 0.021739 0.021739 0.021739 0.021739 0.021739 0.021739 0.118333 0.125000 0.125000 0.021739 0.131667 0.021739 0.021739 0.021739 0.021739 
0.021277 0.021277 0.021277 0.021277 0.021277 0.021277 0.021277 0.021277 0.021277 0.021277 0.021277 0.021277 0.021277 0.021277 0.021277 0.021277 0.021277 0.021277 0.021277 0.123100 0.251773 0.021277 0.021277 0.114488 0.021277 0.021277 0.021277 
0.014493 0.014493 0.014493 0.014493 0.014493 0.014493 0.014493 0.014493 0.014493 0.014493 0.014493 0.014493 0.014493 0.014493 0.014493 0.014493 0.014493 0.014493 0.082588 0.014493 0.014493 0.084377 0.086166 0.014493 0.080203 0.014493 0.014493 
0.021739 0.021739 0.021739 0.021739 0.021739 0.021739 0.021739 0.021739 0.021739 0.021739 0.021739 0.021739 0.021739 0.021739 0.021739 0.021739 0.021739 0.021739 0.021739 0.138889 0.021739 0.120040 0.021739 0.116567 0.021739 0.124504 0.021739 
0.014582 0.014582 0.014582 0.014582 0.014582 0.014582 0.014582 0.014582 0.014582 0.014582 0.014582 0.014582 0.014582 0.014582 0.014582 0.014582 0.014582 0.014582 0.014582 0.014582 0.081753 0.014582 0.088931 0.080557 0.014582 0.014582 0.084146 
0.021277 0.021277 0.021277 0.021277 0.021277 0.021277 0.021277 0.021277 0.021277 0.021277 0.021277 0.021277 0.021277 0.021277 0.021277 0.021277 0.021277 0.021277 0.021277 0.021277 0.021277 0.118696 0.021277 0.021277 0.261340 0.109325 0.021277 
0.014459 0.014459 0.014459 0.014459 0.014459 0.014459 0.014459 0.014459 0.014459 0.014459 0.014459 0.014459 0.014459 0.014459 0.014459 0.014459 0.014459 0.014459 0.014459 0.014459 0.014459 0.014459 0.082838 0.014459 0.081222 0.085262 0.083242 
0.021277 0.021277 0.021277 0.021277 0.021277 0.021277 0.021277 0.021277 0.021277 0.021277 0.021277 0.021277 0.021277 0.021277 0.021277 0.021277 0.021277 0.021277 0.021277 0.021277 0.021277 0.021277 0.021277 0.131727 0.021277 0.117727 0.239908 